# futas=c/2Moz koteg=20 probalkozas=1 ok=kapu kapuhiba_db=1 finish_reason=stop
# api_hibakod=nincs
# api_hibatest=nincs
# nyers válasz (a --- sor alatt, változtatás nélkül):
---
```json
[
  {"vers":"2Móz 8:13","parok":[[1,[1]],[3,[3]],[4,[6]],[5,[5]],[6,[4]],[7,[2]],[8,[7]],[9,[8]],[11,[10]],[13,[11,13]],[14,[14,16]],[15,[17]],[16,[18,20]]],"betoldas":[2,10,12],"forditatlan":[9,12,15,19]},
  {"vers":"2Móz 8:14","parok":[[1,[1]],[2,[5,6]],[3,[2]],[4,[4]],[5,[2]],[6,[7]],[8,[10]],[9,[8]]],"betoldas":[7],"forditatlan":[3,9]},
  {"vers":"2Móz 8:15","parok":[[1,[1]],[2,[18]],[3,[19]],[4,[2]],[6,[3]],[7,[4]],[8,[7]],[9,[5]],[10,[8,9]],[12,[12]],[13,[11,12]],[14,[13]],[15,[14]],[16,[15]],[17,[16,17]],[18,[18]],[19,[19]],[20,[20]],[23,[21]]],"betoldas":[5,11,21,22],"forditatlan":[6,10]},
  {"vers":"2Móz 8:16","parok":[[1,[1]],[2,[2]],[4,[3]],[5,[4,5]],[6,[6]],[7,[7,8]],[8,[9]],[9,[9]],[11,[12]],[12,[11,12]],[13,[13]],[14,[14]],[15,[14]],[17,[18]],[18,[16]],[19,[19]],[20,[21,22]],[21,[20]],[22,[24]],[23,[26]],[24,[23,25]]],"betoldas":[3,10,16],"forditatlan":[10,15,17]},
  {"vers":"2Móz 8:17","parok":[[1,[1]],[2,[3]],[3,[2]],[4,[6]],[5,[4,5]],[6,[8,9]],[8,[12]],[9,[10,11,12]],[10,[13]],[11,[14]],[13,[18]],[14,[16]],[15,[19]],[16,[22]],[17,[20]],[18,[23,24]],[19,[25]],[20,[26,27]],[22,[31]],[23,[28]],[24,[29]],[25,[33]],[26,[32]],[27,[35]],[28,[37]],[29,[34,36]]],"betoldas":[7,12,21],"forditatlan":[7,15,17,21,30]},
  {"vers":"2Móz 8:18","parok":[[1,[1]],[2,[3]],[3,[2]],[5,[5]],[6,[6]],[8,[8]],[9,[6,7,8]],[10,[9]],[11,[13]],[12,[10]],[13,[10]],[14,[14]],[15,[15]],[16,[16]],[17,[17]],[18,[18]],[20,[20]],[21,[21,22]],[22,[23]],[23,[24,25]]],"betoldas":[4,7,19],"forditatlan":[4,11,12,19]},
  {"vers":"2Móz 8:19","parok":[[1,[1]],[2,[2]],[4,[4]],[6,[5,6]],[8,[8]],[9,[7]],[10,[9]],[11,[10]],[12,[11]],[13,[11]],[15,[13]],[16,[12]],[17,[14]],[18,[15]],[19,[16]],[20,[17,18]],[21,[19]],[22,[20]],[23,[21]],[26,[22]]],"betoldas":[3,5,7,14,24,25],"forditatlan":[3]},
  {"vers":"2Móz 8:20","parok":[[1,[1]],[2,[3]],[3,[1]],[4,[2]],[5,[4,5]],[6,[6]],[7,[6]],[8,[7,8]],[9,[9]],[10,[10]],[12,[13]],[13,[11,12]],[14,[14]],[15,[15]],[17,[17]],[18,[18]],[19,[19]],[20,[20]],[21,[21,22]],[22,[23]],[23,[24]],[25,[25]],[26,[26]],[27,[26]],[29,[28]],[30,[27,28]],[31,[29]],[32,[30]],[33,[31]]],"betoldas":[11,16,24,28],"forditatlan":[16]},
  {"vers":"2Móz 8:21","parok":[[1,[1]],[2,[2]],[3,[5]],[4,[3]],[5,[4,5]],[7,[8]],[8,[7,8]],[9,[9]],[10,[10]],[11,[11]],[12,[13]],[13,[12,13]],[15,[17]],[16,[15,16,17]],[17,[18]],[19,[21]],[20,[19,20,21]],[21,[22]],[23,[25]],[24,[23,24,25]],[25,[28]],[26,[28]],[27,[29]],[28,[30]],[30,[32]],[31,[31]],[32,[35]],[33,[35]],[34,[36]],[36,[39]],[37,[37]],[38,[40]],[39,[40,42,43]],[40,[41]],[41,[42]]],"betoldas":[6,14,18,22,29,35],"forditatlan":[6,26,27,33,34,38]},
  {"vers":"2Móz 8:22","parok":[[1,[1]],[2,[2]],[3,[5,6]],[5,[3,4]],[7,[9]],[8,[8]],[9,[10]],[10,[10,14,15]],[12,[12]],[13,[11,12]],[14,[13]],[15,[16]],[16,[17]],[17,[18]],[18,[19]],[19,[20]],[20,[20]],[22,[21]],[23,[22]],[24,[23]],[25,[24]],[28,[25]],[29,[28]],[31,[26,27,29]]],"betoldas":[4,6,11,21,26,27,30],"forditatlan":[7]}
]
```
