# futas=c/2Moz koteg=101 probalkozas=1 ok=kapu kapuhiba_db=1 finish_reason=stop
# api_hibakod=nincs
# api_hibatest=nincs
# nyers válasz (a --- sor alatt, változtatás nélkül):
---
[{"vers":"2Móz 35:2","parok":[[1,[1]],[2,[2]],[4,[3,4]],[6,[9]],[7,[6,7]],[8,[5]],[9,[13]],[10,[10]],[11,[11,12]],[13,[16,17]],[14,[15]],[15,[14]],[16,[18,19,20]],[17,[21,22]],[18,[20,23]],[19,[24]]],"betoldas":[3,5,8,12],"forditatlan":[8]},
{"vers":"2Móz 35:3","parok":[[1,[1]],[2,[2]],[3,[3]],[5,[7]],[6,[4,5,6]],[7,[8,9,11]]],"betoldas":[4],"forditatlan":[10]},
{"vers":"2Móz 35:4","parok":[[1,[1]],[2,[2]],[3,[3]],[5,[8]],[6,[7]],[7,[5]],[8,[4,6]],[9,[9,10]],[10,[11]],[11,[12,13]],[12,[14]],[13,[14]],[15,[16]],[16,[15]],[17,[17,18]]],"betoldas":[4,14],"forditatlan":[]},
{"vers":"2Móz 35:5","parok":[[1,[1]],[2,[4]],[3,[2,3]],[4,[5]],[6,[6,7]],[7,[8]],[8,[9]],[9,[9]],[10,[10,11]],[11,[9]],[12,[9]],[14,[12]],[15,[15]],[17,[16]],[18,[17]],[19,[18]],[20,[19]],[21,[20]],[22,[21]]],"betoldas":[5,13,16],"forditatlan":[13,14]},
{"vers":"2Móz 35:6","parok":[[1,[1]],[2,[2]],[3,[3]],[4,[4]],[5,[5]],[6,[6,7]],[7,[8]],[8,[9]],[9,[10]],[10,[11]]],"betoldas":[],"forditatlan":[]},
{"vers":"2Móz 35:7","parok":[[1,[4]],[2,[4]],[3,[2,3]],[4,[5]],[5,[6,7]],[6,[8]],[7,[10]],[8,[9]]],"betoldas":[],"forditatlan":[1]},
{"vers":"2Móz 35:8","parok":[[1,[3,4]],[2,[1,2]],[3,[6]],[5,[10]],[6,[7,8]],[7,[5,11]],[8,[15]],[10,[12,13]]],"betoldas":[4,9],"forditatlan":[9,14]},
{"vers":"2Móz 35:9","parok":[[1,[3]],[2,[1,2]],[3,[4]],[4,[6]],[5,[6]],[6,[5]],[8,[7,8]],[9,[9]],[11,[10,11]]],"betoldas":[7,10],"forditatlan":[]},
{"vers":"2Móz 35:10","parok":[[1,[1]],[2,[2]],[3,[2]],[4,[6]],[5,[5]],[7,[3,4]],[8,[7]],[11,[8,9]],[13,[10,11]],[14,[12]],[15,[12]],[17,[14]],[18,[13]]],"betoldas":[6,9,10,12,16],"forditatlan":[]},
{"vers":"2Móz 35:11","parok":[[2,[3]],[3,[6]],[4,[5,6]],[5,[7]],[6,[9,10]],[7,[12,13]],[8,[16,17]],[9,[19,20]],[10,[22,23]],[11,[24]],[12,[26,27]]],"betoldas":[1],"forditatlan":[1,2,4,8,11,14,15,18,21,25]}]
