# futas=c/2Moz koteg=56 probalkozas=1 ok=kapu kapuhiba_db=2 finish_reason=stop
# api_hibakod=nincs
# api_hibatest=nincs
# nyers válasz (a --- sor alatt, változtatás nélkül):
---
[{"vers":"2Móz 21:6","parok":[[1,[1]],[2,[2]],[3,[3]],[5,[5]],[6,[4]],[8,[8]],[9,[6]],[10,[9]],[11,[10,11]],[13,[12,14]],[14,[15]],[16,[16,18]],[17,[19]],[19,[22]],[20,[21]],[21,[20]],[22,[20]],[24,[25]],[25,[24]],[26,[26,27]],[27,[28]],[28,[29]],[29,[30]],[30,[31,32]]],"betoldas":[4,7,12,15,18,23],"forditatlan":[7,13,17,23]},
{"vers":"2Móz 21:7","parok":[[1,[1]],[2,[2]],[3,[4]],[5,[7]],[6,[6]],[7,[8,9]],[8,[3]],[9,[3]],[10,[10]],[11,[12]],[12,[11]],[13,[11]],[14,[12]],[16,[15]],[17,[13]]],"betoldas":[4,15],"forditatlan":[5,14]},
{"vers":"2Móz 21:8","parok":[[1,[1]],[2,[18]],[3,[2,3,4]],[5,[6]],[6,[5]],[7,[7]],[8,[10]],[9,[11]],[10,[8,9]],[11,[12]],[12,[13]],[13,[13]],[14,[20]],[15,[20]],[16,[17]],[17,[15,16]],[18,[21,22]],[19,[18,19]],[20,[19]],[21,[23]],[22,[24]],[23,[]],[24,[25,26,27]]],"betoldas":[4,23],"forditatlan":[14]},
{"vers":"2Móz 21:9","parok":[[1,[2]],[2,[1]],[4,[3,4,5]],[5,[6]],[6,[6]],[7,[7]],[9,[11]],[10,[9]],[11,[8]],[12,[12]],[13,[13,14]]],"betoldas":[3,8],"forditatlan":[10]},
{"vers":"2Móz 21:10","parok":[[1,[1]],[2,[2]],[3,[3]],[4,[4,5]],[5,[7]],[6,[6]],[7,[8,9]],[8,[10]],[9,[11]],[10,[11]],[11,[14]],[12,[13]],[13,[14]]],"betoldas":[],"forditatlan":[12]},
{"vers":"2Móz 21:11","parok":[[1,[2]],[2,[4]],[4,[3]],[5,[5]],[6,[6]],[7,[7,8]],[8,[9]],[9,[10]],[11,[10]],[12,[11]],[13,[13]],[14,[12]]],"betoldas":[3,10],"forditatlan":[1]},
{"vers":"2Móz 21:12","parok":[[1,[1]],[2,[1]],[4,[1]],[5,[2]],[6,[3]],[7,[4]],[8,[5]],[9,[6]]],"betoldas":[3],"forditatlan":[]},
{"vers":"2Móz 21:13","parok":[[1,[1]],[2,[2]],[3,[3]],[4,[4]],[5,[5]],[6,[7]],[7,[8]],[8,[9,10,11]],[9,[12]],[10,[16]],[11,[13]],[12,[14,15]],[13,[17,19,20]],[14,[17,19,20]],[15,[18]]],"betoldas":[],"forditatlan":[6]},
{"vers":"2Móz 21:14","parok":[[1,[2]],[2,[1]],[3,[4]],[4,[3]],[5,[3]],[6,[6,7]],[7,[5]],[8,[8]],[9,[10]],[10,[11,12]],[11,[9]],[12,[13,14,15,16]],[13,[]],[14,[17]],[15,[18]],[17,[19,20]]],"betoldas":[13,16],"forditatlan":[]},
{"vers":"2Móz 21:15","parok":[[1,[1,2]],[2,[1,2]],[3,[2]],[5,[4]],[6,[3]],[7,[5]],[8,[6,7]],[9,[8]],[10,[9]]],"betoldas":[4],"forditatlan":[]}]
