# futas=c/2Moz koteg=28 probalkozas=1 ok=kapu kapuhiba_db=1 finish_reason=stop
# api_hibakod=nincs
# api_hibatest=nincs
# nyers válasz (a --- sor alatt, változtatás nélkül):
---
[{"vers":"2Móz 10:26","parok":[[1,[1]],[2,[6,7]],[3,[5]],[5,[4]],[6,[3,4]],[7,[2]],[8,[10]],[9,[10]],[10,[8]],[11,[9]],[12,[9]],[13,[11]],[14,[12,13]],[15,[14]],[16,[15]],[17,[16]],[19,[20]],[20,[18,20]],[21,[19,20]],[22,[22]],[23,[23]],[24,[24]],[25,[25]],[26,[26]],[28,[28]],[29,[29]],[30,[32,33]],[31,[23]],[32,[30,31]]],"betoldas":[4,18,27],"forditatlan":[17,21,27]},
{"vers":"2Móz 10:27","parok":[[1,[1]],[3,[3]],[4,[2]],[6,[6]],[7,[5]],[8,[7]],[9,[8]],[10,[9]],[11,[12]],[12,[10,11]]],"betoldas":[2,5],"forditatlan":[4]},
{"vers":"2Móz 10:28","parok":[[1,[1]],[2,[2]],[3,[3,4]],[5,[5]],[6,[6]],[7,[6]],[8,[7,8,9]],[9,[10]],[10,[11,12]],[11,[13]],[12,[14]],[14,[17]],[15,[16,17]],[16,[13]],[17,[15]],[18,[18]],[19,[9]],[20,[9]],[21,[19,20]],[23,[24]],[24,[23,24]],[25,[21,22]],[26,[25]]],"betoldas":[4,13,22],"forditatlan":[]},
{"vers":"2Móz 10:29","parok":[[1,[3]],[2,[1]],[3,[2]],[4,[4]],[5,[5]],[6,[6]],[7,[7,9]],[8,[8]],[10,[11]],[11,[10,11]]],"betoldas":[9],"forditatlan":[]},
{"vers":"2Móz 11:1","parok":[[1,[1]],[2,[3]],[3,[1]],[4,[2]],[5,[4,5]],[6,[6]],[7,[8]],[8,[7]],[9,[9]],[11,[10,11]],[12,[12]],[13,[13,14]],[14,[15,16]],[15,[17]],[16,[19]],[17,[20,21]],[18,[22]],[19,[22]],[20,[25]],[21,[23,24]],[22,[26]],[23,[27]],[24,[27]],[25,[29]],[26,[30,31]]],"betoldas":[1,10],"forditatlan":[18,28]},
{"vers":"2Móz 11:2","parok":[[1,[1]],[2,[2]],[4,[5,6]],[5,[3,4]],[6,[3,4]],[7,[7]],[8,[8]],[10,[9]],[12,[13]],[13,[10,11,12,13]],[14,[14]],[15,[15]],[16,[14]],[18,[19]],[19,[16,17,18,19]],[20,[21]],[21,[20]],[22,[22]],[23,[24]],[24,[23]]],"betoldas":[3,9,11,17],"forditatlan":[]},
{"vers":"2Móz 11:3","parok":[[1,[1]],[2,[3]],[3,[1]],[4,[5]],[5,[2]],[7,[6,7]],[9,[10]],[10,[8,9]],[12,[12,13]],[13,[14]],[14,[11]],[15,[16]],[16,[15]],[17,[15]],[18,[19]],[19,[17,18]],[21,[23]],[22,[22]],[23,[20,21]],[24,[24]],[26,[27,28]],[27,[25,26]]],"betoldas":[6,8,11,20,25],"forditatlan":[4]},
{"vers":"2Móz 11:4","parok":[[1,[1]],[2,[2]],[3,[3]],[4,[4]],[5,[5]],[7,[6]],[8,[7,8,9,10]],[9,[7,8]],[10,[11,12]],[11,[13,14,15]]],"betoldas":[6],"forditatlan":[]},
{"vers":"2Móz 11:5","parok":[[1,[1]],[2,[2]],[3,[7]],[4,[5,6]],[5,[3]],[6,[4]],[8,[10]],[9,[8,9]],[10,[8]],[11,[11]],[12,[11]],[14,[15]],[15,[14]],[16,[13,14,15]],[17,[12]],[19,[18,19]],[20,[17]],[21,[16,17]],[22,[20]],[23,[20]],[24,[22,23]],[25,[21]],[27,[27]],[28,[24]],[29,[25]],[30,[26]],[31,[26]]],"betoldas":[7,13,18,26],"forditatlan":[]},
{"vers":"2Móz 11:6","parok":[[1,[1]],[2,[4]],[3,[3]],[4,[2]],[5,[6]],[6,[8]],[7,[5,7]],[8,[9]],[9,[9,10,11]],[10,[10,11]],[11,[12]],[12,[13]],[13,[14]],[14,[15,16]],[15,[17]],[16,[18]],[17,[18]]],"betoldas":[],"forditatlan":[]}]
