# futas=c/2Moz koteg=82 probalkozas=1 ok=kapu kapuhiba_db=1 finish_reason=stop
# api_hibakod=nincs
# api_hibatest=nincs
# nyers válasz (a --- sor alatt, változtatás nélkül):
---
```json
[
  {"vers":"2Móz 29:7","parok":[[1,[1]],[2,[2]],[4,[6]],[5,[4]],[6,[7]],[7,[8]],[9,[11]],[10,[9,10,11]],[11,[12]],[12,[13]],[13,[13]],[14,[15]]],"betoldas":[3,8],"forditatlan":[3,5,14]},
  {"vers":"2Móz 29:8","parok":[[1,[3,4]],[2,[1]],[3,[5]],[4,[5]],[5,[6]],[6,[7]],[7,[7]],[8,[8]],[10,[9]]],"betoldas":[9],"forditatlan":[2]},
  {"vers":"2Móz 29:9","parok":[[1,[1]],[2,[2]],[3,[2]],[4,[4]],[5,[5]],[6,[6]],[7,[7]],[9,[9]],[10,[8,9]],[11,[10]],[12,[11]],[14,[12,13]],[15,[14]],[17,[15]],[18,[17,18]],[19,[16]],[21,[19]],[22,[22]],[23,[21]],[24,[20]],[26,[24,25]],[27,[24]],[28,[24,25]],[29,[26]],[30,[27]],[31,[28,29,30]]],"betoldas":[8,13,16,20,25],"forditatlan":[3]},
  {"vers":"2Móz 29:10","parok":[[1,[1]],[2,[2]],[4,[5]],[6,[9]],[7,[8]],[8,[6,7]],[9,[10]],[10,[12]],[11,[13]],[13,[15]],[14,[14,15]],[15,[11]],[16,[17,18]],[18,[22]],[19,[19,20]]],"betoldas":[3,5,12,17],"forditatlan":[3,4,16,21]},
  {"vers":"2Móz 29:11","parok":[[1,[1]],[2,[2]],[3,[2]],[5,[5]],[7,[8]],[8,[6,7]],[10,[11]],[11,[10]],[12,[9]]],"betoldas":[4,6,9],"forditatlan":[3,4]},
  {"vers":"2Móz 29:12","parok":[[1,[1]],[2,[2]],[4,[6]],[5,[3,4]],[6,[7]],[7,[8]],[9,[13,14,15]],[11,[12]],[12,[9,10]],[14,[18]],[15,[20]],[16,[16]],[17,[21]],[18,[18]],[20,[25]],[21,[22,23]]],"betoldas":[3,8,10,13,19],"forditatlan":[5,11,17,19,24]},
  {"vers":"2Móz 29:13","parok":[[1,[1]],[2,[2]],[4,[6]],[5,[4]],[6,[7]],[7,[7]],[9,[11]],[10,[8]],[11,[12]],[13,[16,18]],[15,[15]],[16,[19]],[18,[21]],[19,[23]],[21,[29,30]],[23,[27]],[24,[24]],[25,[31]],[26,[32]],[27,[32]],[29,[34,35]]],"betoldas":[3,8,12,14,17,20,22,28],"forditatlan":[3,5,9,10,13,14,17,20,22,25,26,28,33]},
  {"vers":"2Móz 29:14","parok":[[2,[5]],[3,[3]],[4,[8,9]],[5,[6]],[6,[12,13]],[7,[1]],[8,[14,15,16]],[9,[14]],[11,[19,20]],[12,[17,18]],[13,[21]],[14,[21]],[15,[21]],[16,[22]]],"betoldas":[1,10],"forditatlan":[2,4,7,10,11]},
  {"vers":"2Móz 29:15","parok":[[1,[7]],[3,[6]],[4,[4]],[5,[1]],[6,[8]],[7,[10]],[8,[11]],[10,[13]],[11,[12,13]],[12,[9]],[13,[15,16]],[15,[20]],[16,[17,18]]],"betoldas":[2,9,14],"forditatlan":[2,3,5,14,19]},
  {"vers":"2Móz 29:16","parok":[[1,[1]],[2,[2]],[3,[2]],[5,[5]],[6,[6]],[7,[7]],[8,[10]],[9,[9,10]],[10,[11]],[11,[12]],[14,[13,15]],[15,[16]]],"betoldas":[4,12,13],"forditatlan":[3,4,8,14]}
]
```
