# futas=c/2Moz koteg=71 probalkozas=1 ok=kapu kapuhiba_db=6 finish_reason=stop
# api_hibakod=nincs
# api_hibatest=nincs
# nyers válasz (a --- sor alatt, változtatás nélkül):
---
[
{"vers":"2Móz 25:38","parok":[[1,[2,3]],[2,[4]],[3,[5,6]],[4,[1]],[5,[8]],[6,[7]],[7,[]]],"betoldas":[7],"forditatlan":[]},
{"vers":"2Móz 25:39","parok":[[1,[1]],[2,[1]],[3,[3]],[4,[2]],[5,[4]],[6,[6]],[7,[8,12]],[9,[10]]],"betoldas":[8],"forditatlan":[5,7,9,11]},
{"vers":"2Móz 25:40","parok":[[1,[1,2]],[2,[3]],[3,[5]],[5,[6,7]],[6,[4]],[7,[8]],[8,[8]],[10,[11,12]],[11,[10]],[12,[9]]],"betoldas":[4,9],"forditatlan":[]},
{"vers":"2Móz 26:1","parok":[[2,[4]],[3,[1]],[4,[6]],[5,[7]],[6,[5]],[7,[9]],[8,[8]],[9,[10]],[10,[11]],[11,[12]],[12,[13]],[13,[14]],[14,[15,16]],[15,[]]],"betoldas":[1,15],"forditatlan":[2,3]},
{"vers":"2Móz 26:1","parok":[[2,[4]],[3,[1]],[4,[6]],[5,[7]],[6,[5]],[7,[9]],[8,[8]],[9,[10]],[10,[11]],[11,[12]],[12,[13]],[13,[14]],[14,[15,16]],[16,[17]],[17,[18,19]],[18,[20]],[19,[22]]],"betoldas":[1,15],"forditatlan":[2,3,21]},
{"vers":"2Móz 26:2","parok":[[1,[5]],[2,[5]],[3,[3]],[4,[1]],[5,[6,7,8]],[6,[9,10]],[7,[]],[8,[19]],[9,[19]],[10,[17]],[11,[12]],[12,[11]],[13,[13]],[14,[14,15]],[15,[21]],[16,[20]],[17,[]],[18,[22,23]],[19,[25]]],"betoldas":[7,17],"forditatlan":[2,4,16,18,24]},
{"vers":"2Móz 26:3","parok":[[1,[1]],[2,[3]],[3,[4]],[4,[6,7,8,9]],[5,[5]],[6,[10]],[7,[11]],[8,[12]],[9,[14,15,16,17]],[10,[13]]],"betoldas":[],"forditatlan":[2]},
{"vers":"2Móz 26:4","parok":[[1,[1]],[2,[2]],[3,[3]],[4,[4]],[5,[4]],[7,[10]],[8,[8]],[9,[5,6]],[10,[]],[11,[]],[13,[14]],[14,[13]],[15,[11,12]],[16,[]],[17,[16]],[18,[15,17]],[20,[23]],[21,[21]],[22,[18,19]],[24,[27]],[25,[24,25]],[26,[]]],"betoldas":[5,6,10,11,12,16,19,23,26],"forditatlan":[7,9,20,22,26]},
{"vers":"2Móz 26:5","parok":[[1,[1]],[2,[2]],[3,[3]],[5,[7]],[6,[4,5]],[7,[9]],[8,[10]],[9,[8,11]],[10,[14]],[11,[15]],[12,[12,13]],[13,[]],[14,[16]],[15,[16]],[17,[20]],[18,[17,18]],[19,[]],[20,[24]],[21,[23]],[23,[25,26,27]],[24,[21]],[25,[]]],"betoldas":[4,13,16,19,22,25],"forditatlan":[6,14,19,22]},
{"vers":"2Móz 26:6","parok":[[1,[1,2]],[2,[3]],[3,[5]],[4,[4]],[5,[]],[6,[6]],[7,[15]],[8,[16]],[9,[7]],[10,[7]],[11,[11]],[12,[10]],[14,[12,13,14]],[15,[17]],[17,[20]],[18,[21]],[19,[18]]],"betoldas":[5,13,16],"forditatlan":[8,9,19]},
{"vers":"2Móz 26:7","parok":[[1,[1]],[2,[2]],[3,[4]],[4,[3]],[5,[5,6]],[7,[9]],[8,[7]],[9,[10,11]],[10,[12]],[11,[13]],[12,[15]]],"betoldas":[6],"forditatlan":[8,14]}
]
