# futas=c/2Moz koteg=5 probalkozas=1 ok=kapu kapuhiba_db=8 finish_reason=stop
# api_hibakod=nincs
# api_hibatest=nincs
# nyers válasz (a --- sor alatt, változtatás nélkül):
---
[{"vers":"2Móz 2:19","parok":[[1,[]],[2,[1]],[3,[2]],[4,[]],[5,[4]],[6,[3]],[7,[5]],[8,[6]],[10,[10]],[11,[7,8]],[12,[11,12]],[13,[13]],[14,[12]],[15,[14]],[16,[15,16]],[17,[17]],[18,[18]],[20,[21]]],"betoldas":[1,4,9,19],"forditatlan":[9,19,20]},
{"vers":"2Móz 2:20","parok":[[1,[1]],[2,[2]],[3,[3,4,5]],[4,[6]],[5,[7]],[6,[]],[7,[8]],[8,[9,10]],[9,[12]],[10,[11]],[11,[11]],[13,[15]],[14,[16]],[15,[17,18]],[16,[19]],[17,[20]],[18,[21]]],"betoldas":[6,12],"forditatlan":[13,14]},
{"vers":"2Móz 2:21","parok":[[1,[1]],[2,[2]],[3,[3]],[4,[4]],[5,[]],[6,[5]],[7,[7]],[8,[6,8]],[9,[9]],[10,[]],[11,[]],[12,[10]],[13,[15,16]],[15,[14]],[16,[13,14]],[17,[12]]],"betoldas":[5,10,11,14],"forditatlan":[11]},
{"vers":"2Móz 2:22","parok":[[1,[1]],[2,[3]],[3,[2]],[4,[]],[5,[4]],[6,[5]],[7,[7,8]],[8,[9]],[9,[10]],[10,[11]],[11,[12]],[12,[13]],[14,[16]],[15,[14,15]]],"betoldas":[4,13],"forditatlan":[6,8]},
{"vers":"2Móz 2:23","parok":[[1,[1]],[2,[2]],[3,[7,8]],[4,[6]],[5,[4]],[6,[3]],[7,[10]],[9,[12]],[10,[11]],[11,[16]],[12,[15]],[13,[9,13]],[14,[14]],[15,[]],[17,[19]],[18,[17]],[19,[20]],[20,[21]],[21,[]],[22,[22]],[23,[23]],[25,[31]],[26,[29]],[27,[]],[28,[24,25]],[29,[26,28]]],"betoldas":[8,15,16,21,24,27],"forditatlan":[5,18,27,30]},
{"vers":"2Móz 2:24","parok":[[1,[1]],[2,[2]],[3,[3]],[5,[6]],[6,[5,6]],[7,[7]],[8,[8]],[9,[9]],[11,[13,14]],[12,[15,16]],[13,[17]],[14,[18,19]],[15,[]],[16,[11,12]]],"betoldas":[4,10,15],"forditatlan":[4,10]},
{"vers":"2Móz 2:25","parok":[[1,[1]],[2,[2]],[3,[3]],[5,[6]],[6,[5]],[7,[7]],[8,[8]],[9,[]],[10,[]],[11,[9]]],"betoldas":[4,9,10],"forditatlan":[4]},
{"vers":"2Móz 3:1","parok":[[1,[2]],[2,[1]],[3,[4]],[4,[3]],[6,[9]],[7,[8,9]],[8,[7]],[10,[11]],[11,[10]],[12,[6]],[13,[12]],[14,[13]],[16,[16]],[18,[19]],[19,[17]],[20,[20]],[21,[21]],[23,[25]],[24,[22,23]],[25,[26,27]]],"betoldas":[5,9,15,17,22],"forditatlan":[5,14,15,18,24]},
{"vers":"2Móz 3:2","parok":[[1,[1]],[2,[2]],[3,[5,6]],[5,[4]],[6,[3]],[7,[9]],[8,[7,8]],[9,[]],[10,[13]],[11,[10,11]],[12,[14]],[13,[15]],[14,[16]],[15,[17]],[17,[19]],[18,[20,21,22]],[19,[]],[20,[23]],[22,[25]],[23,[28]],[24,[26]],[25,[28]],[26,[]]],"betoldas":[4,9,16,19,21,26],"forditatlan":[12,18,24,27]},
{"vers":"2Móz 3:3","parok":[[1,[1]],[2,[2]],[3,[3]],[4,[4]],[5,[4]],[6,[6]],[7,[7]],[8,[13,14]],[9,[12]],[10,[10]],[11,[15]],[12,[16]],[13,[17]],[14,[17]],[16,[19]]],"betoldas":[15],"forditatlan":[5,8,9,11,18]}]
