# futas=c/2Moz koteg=94 probalkozas=1 ok=kapu kapuhiba_db=1 finish_reason=stop
# api_hibakod=nincs
# api_hibatest=nincs
# nyers válasz (a --- sor alatt, változtatás nélkül):
---
[
  {"vers":"2Móz 32:25","parok":[[1,[1]],[2,[2]],[3,[3]],[4,[7]],[6,[6]],[7,[8,9]],[8,[10]],[9,[13]],[10,[11]],[12,[12]],[13,[16,17,18]],[14,[14,15]]],"betoldas":[5,11],"forditatlan":[4,5]},
  {"vers":"2Móz 32:26","parok":[[1,[1,2]],[2,[3]],[4,[7]],[5,[4,5]],[6,[8]],[7,[9]],[8,[10]],[9,[10]],[11,[11,12]],[12,[13]],[13,[13,14]],[14,[15]],[15,[16]],[16,[18]],[17,[17,18]],[18,[19]],[20,[21]],[21,[20]]],"betoldas":[3,10,19],"forditatlan":[6]},
  {"vers":"2Móz 32:27","parok":[[1,[1]],[2,[2]],[3,[3,4]],[4,[5]],[5,[6]],[7,[7]],[8,[9]],[9,[8]],[10,[10]],[11,[11]],[12,[12,13]],[14,[14,15,16]],[15,[17]],[16,[17]],[17,[18]],[18,[19]],[20,[24,25]],[21,[20]],[22,[21]],[24,[22]],[25,[23]],[26,[26]],[27,[28]],[28,[27]],[29,[27]],[31,[31]],[32,[30,31]],[33,[33,35,36]],[34,[37]],[35,[38,40,41]]],"betoldas":[6,13,19,23,30],"forditatlan":[29,32,34,39]},
  {"vers":"2Móz 32:28","parok":[[2,[4]],[3,[3]],[4,[1]],[6,[7]],[7,[6]],[8,[5]],[9,[2]],[10,[8]],[11,[9]],[12,[16]],[14,[13,14]],[16,[10,12]],[17,[17]],[18,[18,19]],[19,[20]]],"betoldas":[1,5,13,15],"forditatlan":[11,15]},
  {"vers":"2Móz 32:29","parok":[[1,[1]],[2,[2]],[3,[3]],[4,[7,8]],[5,[4]],[6,[5,6]],[8,[9,10]],[9,[12]],[11,[15]],[12,[14,15]],[13,[16]],[14,[18,19]],[15,[13,17]],[16,[11,20,21]],[17,[27]],[18,[22]],[19,[25,26]],[20,[23,24]]],"betoldas":[7,10],"forditatlan":[]},
  {"vers":"2Móz 32:30","parok":[[1,[1]],[2,[3,4]],[3,[6]],[4,[7]],[6,[8,10]],[7,[14]],[8,[13]],[9,[12]],[10,[12]],[11,[16]],[13,[15,17]],[15,[18,19]],[16,[20]],[17,[21]],[18,[21]],[20,[24]],[21,[22,23,24]]],"betoldas":[2,5,10,12,14,19],"forditatlan":[9,11]},
  {"vers":"2Móz 32:31","parok":[[1,[1,2]],[3,[3]],[5,[4,5]],[6,[6]],[7,[7]],[8,[8]],[9,[13]],[11,[11]],[12,[15]],[13,[14]],[14,[9]],[15,[9]],[16,[16]],[17,[21]],[18,[17]],[19,[18,19]],[20,[20]]],"betoldas":[2,4,10],"forditatlan":[10,12]},
  {"vers":"2Móz 32:32","parok":[[1,[1]],[2,[2]],[3,[4]],[4,[4]],[5,[5,6]],[6,[3,8]],[7,[7]],[8,[9]],[9,[10]],[10,[10]],[11,[11]],[13,[15]],[14,[13,14,15]],[15,[16]],[16,[16]],[17,[17]]],"betoldas":[12],"forditatlan":[12]},
  {"vers":"2Móz 32:33","parok":[[1,[1]],[2,[2]],[4,[3]],[5,[4,5]],[6,[6,7]],[7,[6,7]],[8,[8]],[9,[9,10]],[10,[12]],[11,[11]],[12,[11]],[14,[15]],[15,[13,14,15]]],"betoldas":[3,13],"forditatlan":[]},
  {"vers":"2Móz 32:34","parok":[[1,[2]],[3,[3]],[4,[4]],[6,[7]],[7,[8,9]],[8,[8,9]],[9,[10]],[10,[11,12]],[11,[13]],[12,[14,15]],[13,[16]],[14,[17,18,19]],[15,[20]],[17,[24]],[18,[23,24]],[19,[21,22]],[22,[30]],[23,[29,30]],[24,[25]],[25,[26,27,28]]],"betoldas":[2,5,16,20,21],"forditatlan":[1,5,6]}
]
