# futas=c/2Moz koteg=29 probalkozas=1 ok=kapu kapuhiba_db=5 finish_reason=stop
# api_hibakod=nincs
# api_hibatest=nincs
# nyers válasz (a --- sor alatt, változtatás nélkül):
---
```json
[
  {"vers":"2Móz 11:7","parok":[[1,[1]],[2,[5]],[3,[4]],[4,[2,3]],[6,[8]],[7,[6]],[8,[7]],[9,[7]],[10,[9,10]],[11,[6,11]],[13,[12,13]],[14,[]],[16,[14,15,16]],[17,[17]],[18,[18]],[19,[20]],[20,[21]],[21,[21]],[23,[22]],[24,[24]],[25,[23]],[26,[25]],[27,[27]],[28,[26]]],"betoldas":[5,12,14,15,22],"forditatlan":[19]},
  {"vers":"2Móz 11:8","parok":[[1,[1]],[2,[3,6]],[4,[5]],[5,[4]],[6,[2]],[7,[7,8]],[8,[9]],[9,[10]],[10,[11,12]],[11,[13,14]],[12,[15]],[13,[15]],[14,[16]],[15,[17]],[16,[18]],[18,[20]],[19,[21]],[20,[21]],[21,[24]],[22,[22,23]],[23,[25]],[24,[26,27]],[25,[26,27]],[26,[28]],[27,[28]],[28,[29]],[29,[35]],[30,[34,36]],[31,[30]],[32,[30]],[34,[33]],[35,[31,32]]],"betoldas":[3,17,33],"forditatlan":[19]},
  {"vers":"2Móz 11:9","parok":[[2,[3]],[3,[1]],[4,[2]],[5,[4,5]],[6,[]],[7,[6]],[8,[7]],[9,[8,9]],[11,[10]],[12,[11]],[14,[14]],[15,[13]],[16,[12]],[17,[12]],[18,[17]],[19,[15,16]]],"betoldas":[1,6,10,13],"forditatlan":[]},
  {"vers":"2Móz 11:10","parok":[[1,[2]],[2,[1]],[3,[3]],[4,[4]],[5,[7,11]],[7,[9]],[8,[5]],[10,[14]],[11,[12,13]],[12,[15]],[14,[17]],[15,[16]],[17,[20]],[18,[19]],[19,[21]],[20,[22]],[21,[23]],[22,[23]],[23,[26]],[24,[25]],[26,[29]],[27,[27,28]]],"betoldas":[6,9,13,16,25],"forditatlan":[6,8,10,18,24]},
  {"vers":"2Móz 12:1","parok":[[1,[2]],[3,[1]],[5,[3]],[6,[4,5]],[7,[6]],[8,[7,8]],[9,[11]],[10,[9,10]],[11,[12,13]]],"betoldas":[2,4],"forditatlan":[]},
  {"vers":"2Móz 12:2","parok":[[1,[4]],[3,[2]],[4,[]],[5,[5,6]],[7,[8]],[8,[7]],[9,[9]],[10,[]],[11,[10]],[12,[11,12]],[14,[16]],[15,[14]],[16,[13]]],"betoldas":[2,4,6,10,13],"forditatlan":[1,3,15]},
  {"vers":"2Móz 12:3","parok":[[1,[1]],[2,[5]],[3,[3]],[4,[2,4]],[5,[6,7]],[6,[13]],[7,[11]],[8,[8,9]],[9,[18]],[10,[14,15]],[11,[16,17]],[12,[]],[13,[19]],[15,[22]],[16,[21]],[17,[20]],[18,[24,25]],[19,[]],[20,[23]]],"betoldas":[12,14,19],"forditatlan":[10,12]},
  {"vers":"2Móz 12:4","parok":[[1,[1,2]],[3,[5]],[4,[3]],[6,[6,7,8,9]],[7,[]],[9,[18,19,20]],[10,[17]],[11,[]],[12,[13,14,15]],[13,[12]],[14,[10,11]],[16,[23]],[17,[21,22]],[18,[]],[19,[24]],[20,[24]],[21,[27,28]],[22,[25,26]],[23,[29]],[25,[30,32]]],"betoldas":[2,5,7,8,11,15,18,24],"forditatlan":[4,16,31]},
  {"vers":"2Móz 12:5","parok":[[2,[1]],[3,[2]],[4,[3]],[5,[4]],[6,[5]],[7,[6]],[9,[11]],[10,[7,8,9]],[11,[12]],[13,[15]],[14,[13]],[15,[16]]],"betoldas":[1,8,12],"forditatlan":[10,14]},
  {"vers":"2Móz 12:6","parok":[[1,[1]],[2,[2]],[3,[3,4]],[4,[6]],[5,[5]],[6,[14]],[7,[12]],[8,[8,9]],[9,[7,10]],[10,[15]],[11,[16]],[12,[16]],[13,[22]],[14,[20]],[15,[19]],[16,[21]],[17,[23,25]]],"betoldas":[],"forditatlan":[11,13,17,18,24]}
]
```
