# futas=c/2Moz koteg=92 probalkozas=1 ok=kapu kapuhiba_db=1 finish_reason=stop
# api_hibakod=nincs
# api_hibatest=nincs
# nyers válasz (a --- sor alatt, változtatás nélkül):
---
```json
[
  {"vers":"2Móz 32:5","parok":[[1,[1]],[2,[2]],[4,[3]],[5,[6]],[6,[4,5]],[8,[7,8]],[9,[9,10]],[10,[11]],[11,[12]],[12,[13,14]],[13,[18]],[15,[16,17]],[16,[15]]],"betoldas":[3,7,14,17],"forditatlan":[]},
  {"vers":"2Móz 32:6","parok":[[1,[1,2]],[3,[3,4]],[4,[2]],[5,[2]],[6,[5,6]],[7,[7]],[8,[8]],[9,[9,10]],[12,[11,12]],[14,[14]],[15,[15,16]],[16,[17]],[17,[18]],[18,[19]],[19,[20]],[20,[21,22]]],"betoldas":[2,10,11,13],"forditatlan":[13]},
  {"vers":"2Móz 32:7","parok":[[1,[2]],[2,[1]],[4,[3]],[5,[4,5]],[6,[6]],[7,[7]],[9,[8]],[10,[9]],[12,[11]],[13,[10]],[15,[12]],[16,[13]],[17,[16]],[18,[14,15]]],"betoldas":[3,8,11,14],"forditatlan":[]},
  {"vers":"2Móz 32:8","parok":[[1,[2]],[2,[1]],[4,[3,5]],[6,[6]],[7,[7]],[8,[8]],[9,[12,13]],[10,[9]],[11,[10,11]],[12,[17]],[13,[14,15]],[14,[18]],[15,[20,21]],[16,[19]],[17,[22]],[18,[23]],[19,[23]],[20,[24]],[22,[26]],[23,[25]],[24,[27]],[26,[28]],[27,[30]],[28,[29]],[29,[33]],[30,[31,32]]],"betoldas":[3,5,16,21,25],"forditatlan":[4,16]}
,
  {"vers":"2Móz 32:9","parok":[[1,[2]],[2,[1]],[4,[3]],[5,[4,5]],[6,[6]],[7,[11]],[9,[9]],[10,[12,13]],[11,[15,16]],[12,[14]]],"betoldas":[3,8],"forditatlan":[7,8,10,17]},
  {"vers":"2Móz 32:10","parok":[[1,[1,2]],[2,[3]],[4,[5,6]],[6,[7,8]],[8,[9,10]],[9,[11,12]],[10,[13]],[11,[14]],[13,[15]],[14,[18,19]],[15,[16]],[16,[22]],[17,[20,21]],[18,[17]]],"betoldas":[3,5,7,12],"forditatlan":[4]},
  {"vers":"2Móz 32:11","parok":[[1,[1]],[2,[3]],[3,[2]],[5,[6]],[7,[8]],[8,[7]],[9,[4,5]],[10,[4,5]],[11,[9,10]],[12,[11,12]],[13,[14]],[14,[13]],[16,[16]],[17,[15]],[18,[18,19]],[19,[17]],[21,[20]],[22,[27]],[23,[25,26]],[24,[28]],[25,[31]],[26,[29,30]],[27,[21]],[30,[24]],[31,[22,23]]],"betoldas":[4,6,15,20,28,29],"forditatlan":[]},
  {"vers":"2Móz 32:12","parok":[[1,[1,2]],[2,[3]],[4,[4]],[5,[5,6]],[6,[7,8]],[7,[9]],[9,[10]],[10,[11]],[11,[12]],[13,[16]],[14,[15]],[15,[17]],[16,[18,19]],[17,[13,14,20]],[19,[25]],[20,[21,22,23]],[21,[26]],[24,[30]],[25,[29]],[26,[27,28]],[27,[31]],[28,[32]],[32,[37,38]],[33,[36]],[35,[33,35]]],"betoldas":[3,8,12,18,22,23,29,30,31,34],"forditatlan":[24,34]},
  {"vers":"2Móz 32:13","parok":[[1,[1]],[3,[2,3]],[4,[4,5]],[5,[6]],[6,[7,8]],[8,[10]],[9,[9]],[10,[11]],[11,[12]],[13,[15,16]],[14,[17,18]],[15,[13,14,19,20]],[16,[21]],[18,[24]],[19,[23]],[20,[25]],[22,[28]],[23,[26]],[24,[29]],[25,[33,34]],[27,[30]],[28,[32]],[29,[35]],[30,[36]],[32,[40]],[33,[38,39]],[34,[37]],[35,[41]],[36,[42]],[37,[42]],[39,[43,44]]],"betoldas":[2,7,12,17,21,26,31,38],"forditatlan":[22,27,31]},
  {"vers":"2Móz 32:14","parok":[[1,[1]],[2,[2]],[3,[2]],[5,[3]],[8,[4,6]],[9,[7]],[10,[8]],[12,[9,10]],[14,[13]],[15,[11,12]]],"betoldas":[4,6,7,11,13],"forditatlan":[5]}
]
```
