# futas=c/2Moz koteg=105 probalkozas=1 ok=kapu kapuhiba_db=10 finish_reason=stop
# api_hibakod=nincs
# api_hibatest=nincs
# nyers válasz (a --- sor alatt, változtatás nélkül):
---
[{"vers":"2Móz 36:7","parok":[[1,[1]],[2,[8]],[4,[4]],[5,[5]],[6,[6,7]],[7,[]],[8,[3,10,11,12]],[9,[4]],[11,[13,14]],[12,[]],[13,[]],[14,[]],[15,[]],[16,[15]],[17,[]],[18,[]],[19,[]],[20,[]],[21,[]],[22,[]],[23,[]],[24,[16]],[25,[]]],"betoldas":[3,10],"forditatlan":[2,9]},
{"vers":"2Móz 36:8","parok":[[1,[]],[2,[]],[3,[14]],[4,[]],[5,[]],[6,[]],[7,[]],[8,[]],[9,[]],[10,[]],[11,[]],[12,[]],[13,[]],[14,[]],[15,[]],[16,[]],[17,[3]],[18,[14]]],"betoldas":[],"forditatlan":[1,2,4,5,6,7,8,9,10,11,12,13,15,16,17,18,19,20,21,22,23,24,25,26,27,28,29]},
{"vers":"2Móz 36:9","parok":[[1,[11]],[2,[6,7,8]],[3,[3,17,25]],[4,[]],[5,[]],[6,[]],[7,[]],[8,[]],[9,[]],[10,[]],[11,[]],[12,[]],[13,[]],[14,[5,19,21]],[15,[]],[16,[5,19,21]]],"betoldas":[],"forditatlan":[1,2,4,9,10,12,13,14,15,16,18,20,22,23,24]},
{"vers":"2Móz 36:10","parok":[[1,[1,10]],[2,[2,13]],[3,[]],[4,[]],[5,[]],[6,[7,14]],[7,[6,12]],[8,[8,15]],[9,[]],[10,[]],[11,[]],[12,[]],[13,[]],[14,[]],[15,[]],[16,[13]],[17,[]],[18,[]],[19,[12]],[20,[15]],[21,[]],[22,[9,16]],[23,[]],[24,[]]],"betoldas":[],"forditatlan":[3,4,5,11]},
{"vers":"2Móz 36:11","parok":[[1,[]],[2,[10]],[3,[8]],[4,[]],[5,[3]],[6,[2]],[7,[]],[8,[]],[9,[]],[10,[16]],[11,[]],[12,[22]],[13,[20]],[14,[6,18]],[15,[]],[16,[]],[17,[]],[18,[]],[19,[26]],[20,[13,14,23,24]],[21,[]],[22,[]],[23,[3]],[24,[]],[25,[11,12]]],"betoldas":[],"forditatlan":[1,4,5,7,9,15,17,19,21,25]},
{"vers":"2Móz 36:12","parok":[[1,[3,11]],[2,[1,9]],[3,[]],[4,[2,10,23]],[5,[]],[6,[8]],[7,[]],[8,[]],[9,[5,15]],[10,[]],[11,[]],[12,[7,24]],[13,[]],[14,[26]],[15,[]],[16,[]],[17,[]],[18,[]],[19,[]]],"betoldas":[],"forditatlan":[4,6,12,13,14,16,17,18,19,20,21,22,25]},
{"vers":"2Móz 36:13","parok":[[1,[2]],[2,[10]],[3,[]],[4,[]],[5,[]],[6,[]],[7,[]],[8,[]],[9,[10]],[10,[7]],[11,[]]],"betoldas":[],"forditatlan":[1,3,4,5,6,8,9,11,12,13,14,15,16,17,18,19,20]},
{"vers":"2Móz 36:14","parok":[[1,[]],[2,[3,12]],[3,[]],[4,[]],[5,[]],[6,[]],[7,[]],[8,[3,12]],[9,[]],[10,[]],[11,[]],[12,[]],[13,[]],[14,[]],[15,[]],[16,[10,11]],[17,[12]]],"betoldas":[],"forditatlan":[1,2,4,5,6,7,8,9,13,14,15]},
{"vers":"2Móz 36:15","parok":[[1,[9]],[2,[]],[3,[]],[4,[]],[5,[3,14,22]],[6,[]],[7,[]],[8,[]],[9,[]],[10,[3,14,22]],[11,[]]],"betoldas":[],"forditatlan":[1,2,4,5,6,7,8,10,11,12,13,15,16,17,18,19,20,21]},
{"vers":"2Móz 36:16","parok":[[1,[2]],[2,[]],[3,[]],[4,[]],[5,[]],[6,[6,13]],[7,[]],[8,[]],[9,[]],[10,[]],[11,[]],[12,[]],[13,[]],[14,[]],[15,[]],[16,[]],[17,[]],[18,[13]],[19,[]],[20,[]],[21,[]],[22,[]],[23,[]]],"betoldas":[],"forditatlan":[1,3,4,5,7,8,9,10,11,12,14,15]}]
