# futas=c/2Moz koteg=18 probalkozas=1 ok=kapu kapuhiba_db=2 finish_reason=stop
# api_hibakod=nincs
# api_hibatest=nincs
# nyers válasz (a --- sor alatt, változtatás nélkül):
---
[{"vers":"2Móz 7:18","parok":[[1,[1]],[3,[3]],[4,[4]],[5,[4]],[7,[5,6]],[9,[7]],[11,[11]],[12,[8]],[13,[9]],[14,[12]],[15,[13]],[16,[13]],[18,[14]],[19,[17]],[20,[15,16]],[22,[18,20]]],"betoldas":[2,6,8,10,17,21],"forditatlan":[2,10,19]},
{"vers":"2Móz 7:19","parok":[[1,[1,2]],[4,[3]],[5,[4,5]],[6,[6]],[7,[7,8]],[8,[9]],[10,[11]],[11,[10]],[12,[12]],[13,[13]],[14,[13]],[15,[14,15]],[16,[18]],[17,[16,17]],[18,[21]],[19,[19,20]],[20,[22,23,24]],[21,[26,27,28]],[22,[29]],[23,[31]],[24,[30,32,33,34]],[25,[35]],[26,[37]],[27,[36]],[28,[38]],[29,[40]],[30,[39]],[31,[44]],[32,[42]],[33,[41,43]],[34,[45]],[36,[46,47]],[37,[48]],[39,[49,50]]],"betoldas":[2,3,9,35,38],"forditatlan":[]},
{"vers":"2Móz 7:20","parok":[[1,[4]],[2,[5]],[3,[6]],[4,[1]],[5,[3]],[6,[2]],[7,[7,8]],[8,[7,8]],[10,[10]],[11,[9]],[13,[11]],[14,[12]],[16,[13,14]],[17,[15]],[18,[16]],[20,[19]],[21,[20]],[22,[20]],[24,[21,22]],[27,[25]],[28,[23,24]],[29,[26]],[31,[30]],[32,[29]],[33,[27,28]],[34,[31]],[35,[33]],[36,[39,40]],[37,[32]],[39,[35]],[40,[36]],[41,[36]],[43,[37,38]]],"betoldas":[9,12,15,19,23,25,26,30,38,42,44],"forditatlan":[17,18,34]},
{"vers":"2Móz 7:21","parok":[[2,[3]],[3,[1]],[4,[4]],[5,[4]],[7,[5,6]],[9,[7]],[10,[8]],[11,[9]],[13,[11]],[14,[12]],[15,[13]],[16,[14]],[18,[15]],[20,[19,21]],[21,[16,17,18]],[22,[22]],[23,[25]],[24,[23]],[26,[27]],[27,[29]],[28,[26,28]]],"betoldas":[1,6,8,12,17,19,25],"forditatlan":[2,10,20,24]},
{"vers":"2Móz 7:22","parok":[[1,[1]],[2,[3]],[3,[2]],[4,[5]],[5,[4]],[6,[6]],[8,[8]],[9,[7]],[10,[9]],[11,[10]],[12,[10]],[14,[12]],[15,[11]],[16,[13]],[17,[14]],[18,[15]],[19,[16,17]],[20,[18,19]],[21,[18,19]],[23,[21]],[24,[20]]],"betoldas":[7,13,22,25],"forditatlan":[]},
{"vers":"2Móz 7:23","parok":[[1,[1]],[2,[2]],[4,[3]],[5,[4]],[6,[6,7]],[7,[5]],[8,[9]],[9,[15,16]],[10,[10,14]],[11,[11]],[12,[11]],[14,[13]],[15,[12]]],"betoldas":[3,8,13],"forditatlan":[8]},
{"vers":"2Móz 7:24","parok":[[2,[4]],[3,[1]],[4,[3]],[5,[2]],[8,[7]],[9,[5]],[10,[8]],[11,[9]],[12,[10]],[13,[11]],[14,[12]],[15,[13]],[18,[19]],[19,[14,15,16,17]]],"betoldas":[1,6,7,16,17],"forditatlan":[6,18]},
{"vers":"2Móz 7:25","parok":[[1,[1]],[2,[3]],[3,[4]],[4,[2]],[5,[2]],[7,[5]],[9,[7]],[10,[6]],[13,[10]]],"betoldas":[6,8,11,12],"forditatlan":[8,9]},
{"vers":"2Móz 8:1","parok":[[1,[1]],[2,[2]],[4,[3]],[5,[4,5]],[6,[6]],[7,[6]],[9,[7,8]],[10,[9]],[11,[10]],[12,[11,12]],[13,[13]],[14,[14]],[16,[15]],[17,[16]],[18,[16]],[20,[19]],[21,[18]],[22,[20]],[23,[21]],[24,[22]]],"betoldas":[3,8,15,19],"forditatlan":[17]},
{"vers":"2Móz 8:2","parok":[[1,[2]],[2,[1]],[3,[4]],[4,[6]],[5,[3]],[6,[3]],[7,[5,6]],[8,[7]],[9,[8]],[10,[11]],[11,[12,13]],[12,[14,15]],[13,[9]],[14,[9]]],"betoldas":[],"forditatlan":[10]}]
