# futas=c/2Moz koteg=115 probalkozas=1 ok=kapu kapuhiba_db=8 finish_reason=stop
# api_hibakod=nincs
# api_hibatest=nincs
# nyers válasz (a --- sor alatt, változtatás nélkül):
---
[{"vers":"2Móz 39:10","parok":[[1,[1]],[2,[5]],[3,[6]],[4,[7]],[5,[2]],[6,[3,4]],[7,[]],[8,[8]],[9,[9]],[10,[10]],[11,[11,12]],[13,[16]],[14,[14]]],"betoldas":[7,12],"forditatlan":[13,15]},
{"vers":"2Móz 39:11","parok":[[2,[5]],[3,[3]],[4,[6]],[5,[7]],[6,[8]],[7,[9]]],"betoldas":[1],"forditatlan":[1,2,4]},
{"vers":"2Móz 39:12","parok":[[2,[5]],[3,[3]],[4,[6]],[5,[7]],[6,[8]],[7,[9]]],"betoldas":[1],"forditatlan":[1,2,4]},
{"vers":"2Móz 39:13","parok":[[2,[5]],[3,[3]],[4,[6]],[5,[7]],[6,[8]],[7,[9]],[8,[]],[9,[]],[10,[]],[11,[12]],[12,[11]],[13,[10]],[15,[15]],[16,[13,14]]],"betoldas":[1,8,9,10,14],"forditatlan":[1,2,4]},
{"vers":"2Móz 39:14","parok":[[2,[3]],[3,[1]],[4,[7]],[5,[6]],[6,[5]],[7,[4]],[9,[9,10]],[12,[13]],[13,[12,13]],[14,[11]],[15,[]],[16,[15]],[17,[14]],[18,[14]],[19,[16]],[21,[17,19]],[22,[]],[23,[18]],[25,[21,22]],[26,[23]],[27,[20]]],"betoldas":[1,8,10,11,15,20,22,24],"forditatlan":[2,8]},
{"vers":"2Móz 39:15","parok":[[1,[1]],[2,[2]],[4,[3,5]],[5,[7]],[6,[8]],[7,[6,9]],[8,[]],[9,[11]],[10,[10]]],"betoldas":[3,8],"forditatlan":[4]},
{"vers":"2Móz 39:16","parok":[[1,[]],[2,[2]],[3,[3]],[4,[5]],[5,[4]],[6,[6]],[7,[7]],[8,[9]],[9,[8]],[10,[10]],[12,[13]],[13,[]],[14,[15]],[15,[16]],[16,[11]],[18,[20]],[19,[17]],[20,[16,18]]],"betoldas":[1,11,13,17],"forditatlan":[1,12,14,19]},
{"vers":"2Móz 39:17","parok":[[2,[3]],[3,[7]],[4,[5]],[5,[1]],[7,[15]],[8,[9]],[9,[12,13]],[10,[]],[11,[]],[12,[8,11]],[13,[2]]],"betoldas":[1,6,10,11],"forditatlan":[4,6,10,14]},
{"vers":"2Móz 39:18","parok":[[1,[1]],[3,[5]],[4,[7]],[5,[]],[6,[3]],[7,[4]],[8,[]],[9,[8]],[11,[10]],[12,[9,12]],[13,[13]],[14,[15]],[16,[19]],[17,[16,17]],[18,[14]],[19,[23]],[20,[20,21,22]]],"betoldas":[2,5,8,10,15],"forditatlan":[2,6,11,18]},
{"vers":"2Móz 39:19","parok":[[1,[2]],[2,[]],[3,[3]],[4,[5]],[5,[4]],[6,[]],[7,[6]],[8,[]],[9,[7]],[10,[]],[12,[12]],[13,[9]],[14,[8,10]],[15,[]],[17,[13,14,15]],[18,[16]],[19,[16]],[20,[21,22]],[23,[20]],[24,[17,18]]],"betoldas":[2,6,8,10,11,15,16,21,22],"forditatlan":[1,11,19]}]
