# futas=c/2Moz koteg=96 probalkozas=1 ok=kapu kapuhiba_db=1 finish_reason=stop
# api_hibakod=nincs
# api_hibatest=nincs
# nyers válasz (a --- sor alatt, változtatás nélkül):
---
```json
[
  {"vers":"2Móz 33:10","parok":[[1,[1]],[2,[2]],[4,[3]],[5,[5]],[8,[9]],[9,[7]],[11,[13]],[12,[11]],[13,[10]],[14,[14]],[15,[15]],[17,[16]],[18,[18]],[19,[19]],[20,[21]],[21,[20]],[23,[24]],[24,[23,24]],[25,[22]]],"betoldas":[3,6,7,10,16,22],"forditatlan":[4,6,8,12,17]},
  {"vers":"2Móz 33:11","parok":[[2,[3]],[3,[1]],[4,[2]],[5,[4,5]],[6,[6]],[7,[7,8]],[8,[9,10]],[9,[9,10]],[10,[11]],[11,[12]],[12,[11]],[13,[13,14,15]],[14,[16]],[16,[17]],[18,[18,20]],[19,[17]],[21,[23]],[22,[22,23]],[24,[27]],[25,[24]],[26,[26]],[27,[25]],[28,[28]],[29,[29]],[30,[29]],[32,[30,31,33]]],"betoldas":[1,15,17,20,23,31],"forditatlan":[19,21,32]},
  {"vers":"2Móz 33:12","parok":[[1,[1]],[2,[2]],[3,[3]],[5,[4,5]],[6,[6]],[7,[7]],[9,[8]],[10,[9,10]],[11,[11]],[12,[11]],[13,[16]],[15,[14]],[16,[17]],[17,[19]],[18,[20]],[19,[20]],[20,[21]],[21,[23]],[22,[24]],[23,[25,26]],[24,[27]],[26,[29]],[27,[9,10]],[28,[33]],[29,[32]],[30,[30]],[31,[31]],[32,[34]],[33,[37]],[34,[36]],[35,[39,40]],[36,[38]]],"betoldas":[4,8,14,18,25],"forditatlan":[12,13,15,22,28,35]},
  {"vers":"2Móz 33:13","parok":[[1,[2]],[2,[1]],[3,[3]],[4,[6]],[5,[5]],[6,[8,9]],[7,[7]],[8,[10]],[9,[10]],[10,[11]],[12,[15]],[13,[14,15]],[14,[16]],[15,[17]],[16,[17]],[17,[18]],[18,[19]],[19,[21]],[20,[20]],[21,[22,23,24]],[22,[25]],[23,[26]],[24,[26]],[25,[27]],[26,[33]],[27,[31]],[29,[29]],[30,[28,29]]],"betoldas":[11,28],"forditatlan":[4,12,13,30,32]},
  {"vers":"2Móz 33:14","parok":[[1,[1]],[2,[2]],[4,[4]],[5,[3,4]],[6,[5]],[10,[6,7,8,9]]],"betoldas":[3,7,8,9],"forditatlan":[]},
  {"vers":"2Móz 33:15","parok":[[1,[2]],[2,[3,4]],[3,[1]],[4,[5]],[6,[8]],[7,[7,8]],[8,[6]],[9,[9]],[10,[9]],[11,[10]],[12,[11]],[13,[11]],[14,[12]],[15,[13,14]]],"betoldas":[5],"forditatlan":[]},
  {"vers":"2Móz 33:16","parok":[[1,[1]],[2,[2,3]],[3,[4]],[4,[4]],[5,[6]],[6,[12]],[7,[13]],[9,[15]],[10,[14,15]],[11,[8]],[12,[7]],[13,[9,10,11]],[14,[17]],[16,[16]],[17,[18]],[18,[21,22]],[19,[19,20]],[20,[23]],[21,[24]],[22,[24]],[23,[25]],[24,[26]],[26,[28]],[27,[27,28]],[28,[30]],[29,[29,32]],[30,[33]],[31,[33]],[32,[34]],[33,[37]],[34,[35]],[35,[34]]],"betoldas":[8,15,25],"forditatlan":[5,31,36]},
  {"vers":"2Móz 33:17","parok":[[1,[2]],[2,[1]],[4,[3]],[5,[4,5]],[6,[14]],[7,[11]],[8,[6]],[9,[12]],[10,[12]],[11,[13]],[12,[15]],[13,[17]],[14,[16]],[15,[19,20]],[16,[18]],[17,[21]],[18,[25]],[19,[24]],[20,[22]],[21,[23]]],"betoldas":[3],"forditatlan":[7,8,9,10]},
  {"vers":"2Móz 33:18","parok":[[1,[1]],[2,[2]],[4,[5]],[5,[3]],[6,[3]],[7,[4]],[9,[8]],[10,[7,8]]],"betoldas":[3,8],"forditatlan":[6]},
  {"vers":"2Móz 33:19","parok":[[1,[1]],[2,[2]],[4,[4]],[5,[4]],[6,[4]],[8,[7]],[9,[5,6,7]],[11,[10]],[12,[9,10]],[13,[8]],[14,[4]],[15,[4]],[16,[11]],[17,[12]],[18,[16,17,18]],[20,[15]],[21,[13,14]],[22,[19]],[23,[20]],[24,[22]],[25,[22]],[26,[23]],[27,[24,25]],[28,[27]],[29,[27]],[30,[28]]],"betoldas":[3,7,10,19],"forditatlan":[3,21,26]}
]
```
