# futas=c/2Moz koteg=79 probalkozas=1 ok=kapu kapuhiba_db=1 finish_reason=stop
# api_hibakod=nincs
# api_hibatest=nincs
# nyers válasz (a --- sor alatt, változtatás nélkül):
---
```json
[
  {"vers":"2Móz 28:20","parok":[[2,[5]],[3,[3]],[4,[6]],[5,[8]],[6,[9]],[7,[10]],[8,[12]],[9,[14,15]],[10,[13]],[11,[11]]],"betoldas":[1],"forditatlan":[1,2,4,7,16]},
  {"vers":"2Móz 28:21","parok":[[2,[3]],[5,[8]],[6,[7]],[7,[6]],[8,[5]],[9,[4]],[10,[9,10]],[11,[20]],[13,[13]],[14,[12,13]],[15,[11]],[16,[14]],[18,[15]],[21,[14]],[22,[16]],[24,[17,19]],[26,[18]],[28,[22,23]],[29,[24]],[30,[21]]],"betoldas":[1,3,4,12,17,19,23,25,27],"forditatlan":[1,2]},
  {"vers":"2Móz 28:22","parok":[[2,[3,5]],[3,[1]],[4,[2]],[5,[7]],[6,[6]],[7,[9]],[8,[8]],[9,[11]],[10,[10]]],"betoldas":[1],"forditatlan":[4]},
  {"vers":"2Móz 28:23","parok":[[1,[1]],[2,[2]],[4,[3,5]],[5,[6]],[6,[8]],[7,[7]],[8,[9]],[9,[10]],[11,[12]],[12,[14]],[14,[19]],[15,[16]],[16,[15,17]]],"betoldas":[3,10,13],"forditatlan":[4,11,13,18]},
  {"vers":"2Móz 28:24","parok":[[1,[1]],[3,[4]],[4,[7]],[5,[5]],[6,[2]],[8,[15]],[9,[9]],[10,[8,13]],[12,[11]]],"betoldas":[2,7,11],"forditatlan":[3,6,10,12,14]},
  {"vers":"2Móz 28:25","parok":[[2,[5]],[3,[7]],[4,[3]],[5,[4]],[6,[1]],[7,[8]],[9,[10]],[10,[9,12]],[11,[13]],[12,[14]],[14,[18]],[15,[15,16]],[16,[22]],[17,[19,20,21]]],"betoldas":[1,8,13],"forditatlan":[2,6,11,17]},
  {"vers":"2Móz 28:26","parok":[[1,[2]],[3,[3]],[4,[5]],[5,[4]],[6,[6]],[7,[7]],[8,[9]],[10,[14]],[11,[11]],[12,[10,12]],[13,[17]],[15,[15,16]],[16,[18]],[17,[18]],[18,[23,24]],[21,[22]],[22,[19,20]]],"betoldas":[2,9,14,19,20],"forditatlan":[1,8,13,21]},
  {"vers":"2Móz 28:27","parok":[[1,[1]],[2,[2]],[4,[3]],[5,[5]],[6,[4]],[7,[6]],[8,[7]],[9,[9]],[11,[14]],[12,[11]],[13,[10,12]],[14,[15,16,17]],[15,[21]],[16,[19,20]],[17,[18]],[18,[24,25]],[19,[22,23]],[21,[31]],[22,[29]],[23,[26,27,28]]],"betoldas":[3,10,20],"forditatlan":[8,13,30]},
  {"vers":"2Móz 28:28","parok":[[1,[1]],[2,[2]],[4,[5]],[6,[8]],[7,[6,7,8]],[10,[12]],[11,[9,10]],[12,[15]],[13,[13,14]],[14,[16]],[16,[21]],[17,[19]],[18,[18]],[19,[17]],[20,[22]],[21,[24]],[22,[23]],[23,[24]],[25,[26]],[27,[27,28,30]]],"betoldas":[3,5,8,9,15,24,26],"forditatlan":[3,4,11,20,25,29]},
  {"vers":"2Móz 28:29","parok":[[1,[1]],[2,[2]],[3,[3]],[5,[7]],[6,[6]],[7,[5]],[9,[11]],[10,[8,9]],[12,[14]],[13,[13,14]],[14,[12]],[15,[15]],[16,[15]],[17,[16,17]],[19,[18,20]],[20,[21,22]],[22,[25]],[23,[23,24]],[24,[26]]],"betoldas":[4,8,11,18,21],"forditatlan":[4,10,19]}
]
```
